0 0.60107421875 0.34326171875 0.1318359375 0.0751953125
0 0.677734375 0.08837890625 0.119140625 0.0927734375
0 0.8642578125 0.681640625 0.111328125 0.1484375
0 0.203125 0.34765625 0.08984375 0.046875
0 0.0791015625 0.8857421875 0.109375 0.1015625
0 0.94677734375 0.78759765625 0.0849609375 0.1083984375
0 0.04150390625 0.16259765625 0.0810546875 0.0791015625
0 0.36181640625 0.7578125 0.1708984375 0.119140625
0 0.7265625 0.701171875 0.083984375 0.072265625
0 0.81201171875 0.8447265625 0.1005859375 0.06640625
0 0.537109375 0.9091796875 0.080078125 0.1171875
0 0.0537109375 0.6259765625 0.107421875 0.126953125
0 0.2392578125 0.544921875 0.09765625 0.078125
0 0.4912109375 0.44677734375 0.05859375 0.0791015625
0 0.98876953125 0.953125 0.0224609375 0.060546875
0 0.259765625 0.69287109375 0.0703125 0.0693359375
0 0.87548828125 0.42578125 0.0576171875 0.1015625
0 0.23779296875 0.39892578125 0.1005859375 0.0419921875
0 0.16943359375 0.11767578125 0.0810546875 0.0712890625
0 0.13623046875 0.974609375 0.0712890625 0.05078125
0 0.640625 0.1884765625 0.107421875 0.0703125
0 0.21484375 0.98291015625 0.095703125 0.0341796875
0 0.16748046875 0.5009765625 0.0634765625 0.056640625
0 0.384765625 0.61865234375 0.0703125 0.0830078125
0 0.5673828125 0.77978515625 0.076171875 0.0810546875
0 0.89697265625 0.96728515625 0.0791015625 0.0654296875
0 0.77490234375 0.4169921875 0.0771484375 0.08984375
0 0.55224609375 0.6142578125 0.0732421875 0.076171875
0 0.71337890625 0.88330078125 0.0869140625 0.0732421875
0 0.59521484375 0.3935546875 0.0771484375 0.052734375
0 0.94970703125 0.07421875 0.1005859375 0.1015625