0 0.8115234375 0.04052734375 0.068359375 0.0615234375
0 0.4970703125 0.568359375 0.099609375 0.044921875
0 0.3623046875 0.07421875 0.060546875 0.0390625
0 0.447265625 0.03955078125 0.080078125 0.0791015625
0 0.322265625 0.73193359375 0.11328125 0.0947265625
0 0.18408203125 0.58154296875 0.0849609375 0.0712890625
0 0.94189453125 0.8935546875 0.0732421875 0.07421875
0 0.0234375 0.08837890625 0.046875 0.0771484375
0 0.154296875 0.95361328125 0.0859375 0.0771484375
0 0.4755859375 0.62158203125 0.103515625 0.0556640625
0 0.27001953125 0.19189453125 0.0947265625 0.0615234375
0 0.83154296875 0.78564453125 0.0810546875 0.0751953125
0 0.2314453125 0.708984375 0.11328125 0.078125
0 0.4677734375 0.82421875 0.087890625 0.095703125
0 0.390625 0.3076171875 0.0546875 0.0546875
0 0.24072265625 0.5439453125 0.1103515625 0.087890625
0 0.25048828125 0.48486328125 0.0654296875 0.0556640625
0 0.2138671875 0.13037109375 0.083984375 0.0869140625
0 0.26953125 0.33447265625 0.09375 0.1025390625
0 0.54052734375 0.0419921875 0.0869140625 0.083984375
0 0.2060546875 0.4072265625 0.056640625 0.05859375
0 0.3837890625 0.423828125 0.052734375 0.0546875
0 0.5068359375 0.50830078125 0.064453125 0.0615234375
0 0.3935546875 0.10791015625 0.09375 0.0537109375
0 0.779296875 0.36474609375 0.076171875 0.0869140625
0 0.89990234375 0.4736328125 0.1494140625 0.130859375
0 0.06005859375 0.5771484375 0.0849609375 0.0625
0 0.7578125 0.49658203125 0.08984375 0.0751953125
0 0.724609375 0.0546875 0.068359375 0.076171875
0 0.5625 0.31787109375 0.115234375 0.0712890625
0 0.34814453125 0.2333984375 0.0849609375 0.052734375
0 0.9794921875 0.70263671875 0.041015625 0.0498046875
0 0.669921875 0.59912109375 0.087890625 0.0654296875
0 0.35546875 0.607421875 0.064453125 0.060546875
0 0.4267578125 0.48046875 0.115234375 0.0546875
0 0.55712890625 0.142578125 0.0908203125 0.064453125
0 0.044921875 0.1689453125 0.068359375 0.046875
0 0.4853515625 0.2744140625 0.08203125 0.150390625
0 0.9404296875 0.0751953125 0.087890625 0.080078125
0 0.9775390625 0.84375 0.044921875 0.068359375
0 0.5283203125 0.18798828125 0.07421875 0.0634765625
0 0.6708984375 0.7490234375 0.14453125 0.08984375
0 0.69482421875 0.3310546875 0.0498046875 0.06640625
0 0.60009765625 0.5 0.0966796875 0.080078125
0 0.77197265625 0.611328125 0.0908203125 0.09765625