0 0.88671875 0.40234375 0.05078125 0.052734375
0 0.5859375 0.65966796875 0.091796875 0.0595703125
0 0.1025390625 0.55322265625 0.056640625 0.0458984375
0 0.783203125 0.97216796875 0.060546875 0.0556640625
0 0.591796875 0.4970703125 0.04296875 0.041015625
0 0.2578125 0.5751953125 0.05078125 0.05859375
0 0.017578125 0.5205078125 0.03515625 0.083984375
0 0.25732421875 0.92724609375 0.0654296875 0.0537109375
0 0.044921875 0.90771484375 0.0625 0.0771484375
0 0.80908203125 0.50244140625 0.0498046875 0.0576171875
0 0.34130859375 0.05615234375 0.0751953125 0.0478515625
0 0.6337890625 0.46728515625 0.048828125 0.0478515625
0 0.96826171875 0.14111328125 0.0341796875 0.0341796875
0 0.63623046875 0.96337890625 0.0771484375 0.0732421875
0 0.72705078125 0.1474609375 0.0419921875 0.037109375
0 0.25537109375 0.19287109375 0.0830078125 0.0849609375
0 0.04248046875 0.22998046875 0.0361328125 0.0283203125
0 0.87158203125 0.6015625 0.0751953125 0.044921875
0 0.1455078125 0.41552734375 0.048828125 0.0810546875
0 0.32275390625 0.50390625 0.1259765625 0.09375
0 0.84912109375 0.3193359375 0.0869140625 0.0859375
0 0.16943359375 0.81005859375 0.1064453125 0.0947265625
0 0.40087890625 0.9619140625 0.0517578125 0.046875
0 0.73291015625 0.86962890625 0.0869140625 0.0673828125
0 0.845703125 0.07666015625 0.056640625 0.0439453125
0 0.22607421875 0.0419921875 0.0537109375 0.064453125
0 0.4814453125 0.978515625 0.06640625 0.04296875
0 0.142578125 0.8818359375 0.076171875 0.05078125
0 0.47802734375 0.71044921875 0.0517578125 0.0283203125
0 0.04150390625 0.36572265625 0.0517578125 0.0615234375
0 0.029296875 0.6787109375 0.037109375 0.025390625
0 0.20654296875 0.306640625 0.0673828125 0.05859375
0 0.93408203125 0.435546875 0.0849609375 0.048828125
0 0.6953125 0.9169921875 0.052734375 0.048828125
0 0.78369140625 0.52978515625 0.0244140625 0.0244140625
0 0.73779296875 0.5947265625 0.0341796875 0.044921875
0 0.15673828125 0.0703125 0.0615234375 0.068359375
0 0.02685546875 0.1240234375 0.0537109375 0.046875
0 0.7919921875 0.61328125 0.11328125 0.07421875
0 0.30810546875 0.90771484375 0.1220703125 0.0986328125
0 0.01416015625 0.27734375 0.0283203125 0.064453125
0 0.97509765625 0.12158203125 0.0478515625 0.0361328125