0 0.0478515625 0.728515625 0.04296875 0.046875
0 0.27978515625 0.6708984375 0.0693359375 0.06640625
0 0.42138671875 0.01953125 0.0556640625 0.0390625
0 0.7470703125 0.970703125 0.06640625 0.056640625
0 0.4052734375 0.18017578125 0.056640625 0.0517578125
0 0.5234375 0.54638671875 0.0625 0.1025390625
0 0.8134765625 0.48876953125 0.08984375 0.0751953125
0 0.904296875 0.392578125 0.087890625 0.080078125
0 0.37646484375 0.8603515625 0.0712890625 0.087890625
0 0.18359375 0.44775390625 0.080078125 0.1025390625
0 0.58056640625 0.09521484375 0.0673828125 0.0576171875
0 0.7041015625 0.16552734375 0.09765625 0.0576171875
0 0.765625 0.572265625 0.072265625 0.064453125
0 0.67578125 0.44384765625 0.044921875 0.0458984375
0 0.73828125 0.876953125 0.0859375 0.076171875
0 0.41162109375 0.9892578125 0.0556640625 0.01953125
0 0.1220703125 0.61328125 0.060546875 0.0546875
0 0.2275390625 0.4228515625 0.0859375 0.052734375
0 0.958984375 0.59912109375 0.056640625 0.0849609375
0 0.9541015625 0.67236328125 0.05078125 0.0380859375
0 0.705078125 0.9892578125 0.0625 0.021484375
0 0.6787109375 0.73291015625 0.056640625 0.0498046875
0 0.966796875 0.357421875 0.05859375 0.080078125
0 0.31494140625 0.796875 0.0712890625 0.078125
0 0.10986328125 0.53564453125 0.0615234375 0.0712890625
0 0.7646484375 0.23486328125 0.115234375 0.1240234375
0 0.97119140625 0.435546875 0.0576171875 0.068359375
0 0.16455078125 0.53857421875 0.0595703125 0.0400390625
0 0.2109375 0.3681640625 0.052734375 0.0859375
0 0.14013671875 0.873046875 0.0712890625 0.0625
0 0.58984375 0.9892578125 0.029296875 0.01953125
0 0.90869140625 0.1875 0.0478515625 0.02734375
0 0.568359375 0.53125 0.0390625 0.0546875
0 0.0361328125 0.60400390625 0.041015625 0.0693359375
0 0.75634765625 0.49853515625 0.0615234375 0.0693359375
0 0.05908203125 0.3662109375 0.0712890625 0.05859375
0 0.033203125 0.666015625 0.05859375 0.0703125
0 0.89794921875 0.056640625 0.0302734375 0.046875
0 0.37109375 0.353515625 0.056640625 0.107421875
0 0.44775390625 0.0751953125 0.0986328125 0.091796875
0 0.84619140625 0.22998046875 0.0439453125 0.0517578125
0 0.0126953125 0.2744140625 0.025390625 0.04296875
0 0.69921875 0.2041015625 0.033203125 0.046875
0 0.91015625 0.8115234375 0.068359375 0.07421875
0 0.16064453125 0.67919921875 0.0556640625 0.0380859375
0 0.267578125 0.55859375 0.091796875 0.083984375
0 0.72998046875 0.798828125 0.0615234375 0.064453125
0 0.5166015625 0.35791015625 0.041015625 0.0810546875
0 0.10107421875 0.08251953125 0.0341796875 0.0302734375
0 0.5693359375 0.71630859375 0.060546875 0.0654296875
0 0.1591796875 0.81787109375 0.06640625 0.0654296875
0 0.4619140625 0.44482421875 0.0703125 0.0673828125
0 0.0947265625 0.18408203125 0.06640625 0.0654296875
0 0.6376953125 0.6982421875 0.06640625 0.1328125
0 0.96826171875 0.8125 0.0400390625 0.05859375
0 0.21142578125 0.029296875 0.0439453125 0.04296875