0 0.9345703125 0.51025390625 0.041015625 0.0849609375
0 0.26611328125 0.4560546875 0.0654296875 0.046875
0 0.6591796875 0.7978515625 0.083984375 0.04296875
0 0.40625 0.40478515625 0.0703125 0.1201171875
0 0.14404296875 0.56591796875 0.1240234375 0.0439453125
0 0.302734375 0.9453125 0.076171875 0.1015625
0 0.97705078125 0.8310546875 0.0380859375 0.0625
0 0.16162109375 0.27294921875 0.0791015625 0.0322265625
0 0.86279296875 0.0595703125 0.0361328125 0.017578125
0 0.11279296875 0.75048828125 0.0615234375 0.0693359375
0 0.63037109375 0.1435546875 0.0458984375 0.041015625
0 0.16650390625 0.4970703125 0.0537109375 0.03515625
0 0.63916015625 0.24267578125 0.0361328125 0.0244140625
0 0.41357421875 0.310546875 0.0673828125 0.046875
0 0.49462890625 0.9697265625 0.0419921875 0.037109375
0 0.28955078125 0.20166015625 0.0517578125 0.0458984375
0 0.13916015625 0.0419921875 0.0498046875 0.05078125
0 0.27685546875 0.85986328125 0.0478515625 0.0537109375
0 0.47900390625 0.34814453125 0.0732421875 0.0849609375
0 0.376953125 0.0166015625 0.041015625 0.033203125
0 0.7626953125 0.671875 0.0625 0.05859375
0 0.01806640625 0.82373046875 0.0361328125 0.0556640625
0 0.36474609375 0.57470703125 0.0947265625 0.0751953125
0 0.81689453125 0.1650390625 0.0537109375 0.037109375
0 0.9208984375 0.95166015625 0.037109375 0.0537109375
0 0.16748046875 0.34033203125 0.0595703125 0.0517578125
0 0.8486328125 0.248046875 0.05859375 0.046875
0 0.07666015625 0.18896484375 0.0439453125 0.0263671875
0 0.84130859375 0.03125 0.0458984375 0.037109375
0 0.7158203125 0.5751953125 0.056640625 0.052734375
0 0.73388671875 0.974609375 0.0380859375 0.046875
0 0.775390625 0.44189453125 0.052734375 0.0263671875
0 0.0693359375 0.32373046875 0.0546875 0.0517578125
0 0.5400390625 0.6669921875 0.03125 0.041015625
0 0.62548828125 0.9736328125 0.0458984375 0.046875
0 0.60400390625 0.87060546875 0.0341796875 0.0673828125
0 0.89453125 0.982421875 0.048828125 0.033203125
0 0.62744140625 0.54541015625 0.0498046875 0.0732421875
0 0.96728515625 0.44677734375 0.0615234375 0.0771484375
0 0.3193359375 0.82666015625 0.044921875 0.0908203125
0 0.32080078125 0.30712890625 0.0732421875 0.0751953125
0 0.14599609375 0.880859375 0.0439453125 0.060546875
0 0.052734375 0.8662109375 0.1015625 0.1015625
0 0.20849609375 0.6298828125 0.0537109375 0.078125
0 0.12890625 0.2412109375 0.103515625 0.03125
0 0.57763671875 0.951171875 0.0888671875 0.09765625
0 0.47802734375 0.53515625 0.0556640625 0.048828125
0 0.75244140625 0.76123046875 0.0439453125 0.0693359375
0 0.83056640625 0.68212890625 0.0537109375 0.0439453125
0 0.720703125 0.376953125 0.068359375 0.068359375
0 0.20751953125 0.890625 0.0791015625 0.1171875