0 0.8017578125 0.9091796875 0.046875 0.056640625
0 0.7021484375 0.25341796875 0.080078125 0.0556640625
0 0.9462890625 0.6318359375 0.10546875 0.1484375
0 0.97119140625 0.2041015625 0.0458984375 0.0859375
0 0.20263671875 0.82275390625 0.0498046875 0.0595703125
0 0.34228515625 0.66357421875 0.0791015625 0.1728515625
0 0.96533203125 0.822265625 0.0498046875 0.0390625
0 0.03173828125 0.59423828125 0.0634765625 0.0712890625
0 0.3046875 0.17431640625 0.08203125 0.0927734375
0 0.5029296875 0.0283203125 0.173828125 0.056640625
0 0.12890625 0.0546875 0.16796875 0.109375
0 0.271484375 0.92041015625 0.0546875 0.0615234375
0 0.26904296875 0.96484375 0.0732421875 0.056640625
0 0.12255859375 0.8564453125 0.1240234375 0.0625
0 0.56494140625 0.10107421875 0.0595703125 0.0693359375
0 0.2216796875 0.00927734375 0.041015625 0.0185546875
0 0.47900390625 0.0712890625 0.0849609375 0.08984375
0 0.53759765625 0.95068359375 0.0341796875 0.0322265625
0 0.6787109375 0.9814453125 0.091796875 0.037109375
0 0.587890625 0.28125 0.052734375 0.060546875
0 0.97021484375 0.0361328125 0.0576171875 0.03125
0 0.6318359375 0.19580078125 0.115234375 0.0380859375
0 0.111328125 0.18798828125 0.056640625 0.0986328125
0 0.474609375 0.2421875 0.046875 0.060546875
0 0.064453125 0.94873046875 0.08203125 0.0791015625
0 0.9423828125 0.890625 0.05078125 0.029296875
0 0.34619140625 0.419921875 0.0712890625 0.044921875
0 0.79638671875 0.48291015625 0.0908203125 0.0615234375
0 0.7353515625 0.416015625 0.041015625 0.033203125
0 0.0302734375 0.185546875 0.060546875 0.025390625
0 0.6552734375 0.513671875 0.0546875 0.0546875
0 0.15478515625 0.54345703125 0.0361328125 0.0478515625
0 0.87841796875 0.0556640625 0.0498046875 0.056640625
0 0.58251953125 0.6962890625 0.0400390625 0.021484375
0 0.30029296875 0.28955078125 0.1708984375 0.0693359375
0 0.77734375 0.03955078125 0.08203125 0.0791015625
0 0.697265625 0.65869140625 0.1171875 0.0654296875
0 0.68603515625 0.58837890625 0.0458984375 0.0380859375
0 0.98876953125 0.30126953125 0.0205078125 0.0791015625
0 0.51171875 0.70849609375 0.0390625 0.0576171875
0 0.9609375 0.869140625 0.064453125 0.05078125
0 0.0390625 0.92041015625 0.046875 0.0185546875
0 0.2431640625 0.59228515625 0.03125 0.0478515625
0 0.56396484375 0.7724609375 0.0693359375 0.041015625
0 0.46044921875 0.68701171875 0.0380859375 0.0400390625
0 0.57470703125 0.5810546875 0.0751953125 0.126953125
0 0.6640625 0.01416015625 0.080078125 0.0283203125
0 0.623046875 0.39111328125 0.083984375 0.1064453125
0 0.2509765625 0.19384765625 0.037109375 0.0869140625
0 0.5458984375 0.67431640625 0.04296875 0.0205078125
0 0.55078125 0.3212890625 0.03515625 0.03125
0 0.31201171875 0.79248046875 0.0615234375 0.0556640625
0 0.5986328125 0.8564453125 0.08984375 0.068359375
0 0.49853515625 0.88330078125 0.0517578125 0.0498046875
0 0.52783203125 0.279296875 0.0419921875 0.05078125
0 0.87841796875 0.9033203125 0.0771484375 0.0546875
0 0.2685546875 0.82666015625 0.021484375 0.0244140625