0 0.96044921875 0.8994140625 0.0615234375 0.056640625
0 0.962890625 0.5107421875 0.068359375 0.056640625
0 0.3837890625 0.5634765625 0.046875 0.037109375
0 0.32080078125 0.0419921875 0.1103515625 0.0703125
0 0.42431640625 0.42041015625 0.0576171875 0.0615234375
0 0.7138671875 0.64013671875 0.0625 0.0634765625
0 0.53076171875 0.65966796875 0.0458984375 0.0908203125
0 0.50830078125 0.55908203125 0.0771484375 0.0634765625
0 0.33642578125 0.14111328125 0.1064453125 0.0771484375
0 0.75341796875 0.30322265625 0.0693359375 0.0791015625
0 0.97607421875 0.39892578125 0.0478515625 0.1279296875
0 0.82958984375 0.8740234375 0.0595703125 0.087890625
0 0.04443359375 0.5498046875 0.0888671875 0.07421875
0 0.15869140625 0.68017578125 0.0732421875 0.0830078125
0 0.74169921875 0.869140625 0.0771484375 0.125
0 0.6279296875 0.60546875 0.078125 0.048828125
0 0.2060546875 0.4443359375 0.076171875 0.052734375
0 0.50732421875 0.21630859375 0.0732421875 0.0908203125
0 0.55908203125 0.95947265625 0.0556640625 0.0478515625
0 0.2685546875 0.53662109375 0.03515625 0.0419921875
0 0.35009765625 0.6259765625 0.0517578125 0.09765625
0 0.5751953125 0.8369140625 0.1484375 0.216796875
0 0.8076171875 0.0234375 0.080078125 0.046875
0 0.03125 0.69482421875 0.0625 0.0478515625
0 0.90283203125 0.41552734375 0.0888671875 0.0478515625
0 0.66748046875 0.658203125 0.0576171875 0.08984375
0 0.89697265625 0.96630859375 0.0693359375 0.0654296875
0 0.6171875 0.98388671875 0.08203125 0.0263671875
0 0.6083984375 0.30126953125 0.048828125 0.0673828125
0 0.96337890625 0.1181640625 0.0732421875 0.1015625
0 0.67236328125 0.4521484375 0.0771484375 0.06640625
0 0.12939453125 0.0556640625 0.0595703125 0.08203125
0 0.9326171875 0.8291015625 0.052734375 0.052734375
0 0.92236328125 0.0478515625 0.0791015625 0.056640625
0 0.45458984375 0.12158203125 0.0986328125 0.0830078125
0 0.20703125 0.98193359375 0.08984375 0.0361328125
0 0.6513671875 0.50390625 0.134765625 0.109375
0 0.7958984375 0.96484375 0.064453125 0.0703125
0 0.62646484375 0.771484375 0.0830078125 0.12109375
0 0.03369140625 0.7841796875 0.0537109375 0.130859375
0 0.2119140625 0.537109375 0.060546875 0.0390625
0 0.697265625 0.9306640625 0.076171875 0.119140625
0 0.24658203125 0.70654296875 0.0849609375 0.1201171875
0 0.21728515625 0.03759765625 0.0537109375 0.0654296875
0 0.63427734375 0.0712890625 0.0830078125 0.08984375
0 0.28466796875 0.58642578125 0.1083984375 0.0693359375