0 0.83154296875 0.22998046875 0.0869140625 0.0888671875
0 0.60546875 0.21923828125 0.076171875 0.0634765625
0 0.8193359375 0.583984375 0.07421875 0.146484375
0 0.62451171875 0.67529296875 0.1005859375 0.1708984375
0 0.02783203125 0.21728515625 0.0439453125 0.0478515625
0 0.009765625 0.509765625 0.01953125 0.064453125
0 0.96533203125 0.2646484375 0.0673828125 0.080078125
0 0.90673828125 0.921875 0.1142578125 0.083984375
0 0.60693359375 0.07470703125 0.0419921875 0.0654296875
0 0.173828125 0.96044921875 0.0859375 0.0791015625
0 0.953125 0.19091796875 0.0625 0.0478515625
0 0.984375 0.80615234375 0.029296875 0.0732421875
0 0.7783203125 0.97216796875 0.078125 0.0556640625
0 0.4267578125 0.62060546875 0.033203125 0.0341796875
0 0.67919921875 0.53857421875 0.0615234375 0.1181640625
0 0.77001953125 0.681640625 0.0595703125 0.140625
0 0.46826171875 0.03662109375 0.0869140625 0.0732421875
0 0.2646484375 0.9296875 0.126953125 0.08984375
0 0.48095703125 0.671875 0.0732421875 0.08203125
0 0.46826171875 0.4228515625 0.0830078125 0.09375
0 0.3359375 0.640625 0.07421875 0.111328125
0 0.8818359375 0.14111328125 0.095703125 0.0673828125
0 0.947265625 0.01611328125 0.037109375 0.0302734375
0 0.150390625 0.5654296875 0.1015625 0.140625
0 0.21728515625 0.77978515625 0.0634765625 0.0751953125
0 0.8876953125 0.0263671875 0.046875 0.052734375
0 0.9765625 0.59912109375 0.044921875 0.0791015625
0 0.32421875 0.45703125 0.095703125 0.076171875
0 0.01025390625 0.68701171875 0.0205078125 0.1474609375
0 0.15234375 0.07275390625 0.05859375 0.0966796875
0 0.525390625 0.455078125 0.05078125 0.0859375
0 0.20458984375 0.7333984375 0.0673828125 0.046875
0 0.2978515625 0.06689453125 0.091796875 0.1337890625
0 0.556640625 0.015625 0.06640625 0.03125
0 0.7412109375 0.3564453125 0.064453125 0.0625
0 0.56640625 0.76171875 0.041015625 0.044921875
0 0.39404296875 0.59375 0.0458984375 0.080078125
0 0.01416015625 0.29541015625 0.0283203125 0.0595703125
0 0.92822265625 0.814453125 0.0712890625 0.08984375
0 0.2880859375 0.86376953125 0.115234375 0.0712890625
0 0.97119140625 0.45751953125 0.0576171875 0.0771484375