0 0.634765625 0.0390625 0.07421875 0.078125
0 0.3896484375 0.80615234375 0.087890625 0.1044921875
0 0.521484375 0.23583984375 0.02734375 0.0244140625
0 0.30224609375 0.9052734375 0.0712890625 0.095703125
0 0.64892578125 0.69189453125 0.0908203125 0.1142578125
0 0.33349609375 0.03466796875 0.0478515625 0.0458984375
0 0.21923828125 0.02392578125 0.0400390625 0.0322265625
0 0.43310546875 0.49072265625 0.0615234375 0.0517578125
0 0.03662109375 0.20458984375 0.0654296875 0.0537109375
0 0.02001953125 0.66357421875 0.0380859375 0.0556640625
0 0.84814453125 0.1591796875 0.1123046875 0.068359375
0 0.470703125 0.09765625 0.0390625 0.048828125
0 0.95751953125 0.9345703125 0.0830078125 0.080078125
0 0.10400390625 0.037109375 0.0791015625 0.07421875
0 0.72119140625 0.728515625 0.0458984375 0.1171875
0 0.04736328125 0.62451171875 0.0263671875 0.0283203125
0 0.890625 0.267578125 0.072265625 0.0625
0 0.87939453125 0.7236328125 0.1279296875 0.1796875
0 0.01953125 0.75 0.0390625 0.068359375
0 0.32080078125 0.1552734375 0.0537109375 0.048828125
0 0.49462890625 0.40185546875 0.0654296875 0.1201171875
0 0.4658203125 0.7841796875 0.068359375 0.05859375
0 0.31494140625 0.42626953125 0.1435546875 0.0869140625
0 0.16162109375 0.96875 0.0888671875 0.060546875
0 0.76318359375 0.07861328125 0.0751953125 0.0712890625
0 0.50634765625 0.75439453125 0.0361328125 0.0380859375
0 0.15283203125 0.19384765625 0.0615234375 0.0673828125
0 0.599609375 0.14404296875 0.13671875 0.0888671875
0 0.52880859375 0.2080078125 0.0595703125 0.04296875
0 0.794921875 0.0234375 0.046875 0.044921875
0 0.0380859375 0.03857421875 0.056640625 0.0712890625
0 0.14013671875 0.62158203125 0.0576171875 0.0498046875
0 0.66259765625 0.6083984375 0.0908203125 0.09375
0 0.12939453125 0.83203125 0.0712890625 0.12890625
0 0.86279296875 0.4208984375 0.1435546875 0.083984375
0 0.43359375 0.9228515625 0.07421875 0.083984375
0 0.2705078125 0.77197265625 0.033203125 0.0341796875
0 0.34619140625 0.271484375 0.0888671875 0.076171875
0 0.966796875 0.68310546875 0.03125 0.0302734375
0 0.57177734375 0.29833984375 0.0791015625 0.0556640625
0 0.78515625 0.44384765625 0.033203125 0.0322265625
0 0.7197265625 0.49365234375 0.05859375 0.0869140625
0 0.1005859375 0.40234375 0.052734375 0.060546875
0 0.0185546875 0.30517578125 0.037109375 0.0712890625
0 0.26123046875 0.58203125 0.0712890625 0.0703125