0 0.42529296875 0.60400390625 0.0498046875 0.0380859375
0 0.1669921875 0.35595703125 0.091796875 0.0302734375
0 0.103515625 0.52294921875 0.041015625 0.0283203125
0 0.640625 0.69189453125 0.0625 0.0400390625
0 0.50537109375 0.34716796875 0.0732421875 0.0439453125
0 0.79736328125 0.78125 0.0576171875 0.04296875
0 0.3984375 0.31982421875 0.05078125 0.0361328125
0 0.1572265625 0.29052734375 0.06640625 0.0615234375
0 0.0517578125 0.58935546875 0.078125 0.0380859375
0 0.4736328125 0.833984375 0.08203125 0.0859375
0 0.33740234375 0.6953125 0.0498046875 0.04296875
0 0.54736328125 0.49072265625 0.0439453125 0.0400390625
0 0.455078125 0.38916015625 0.056640625 0.0576171875
0 0.3740234375 0.17724609375 0.064453125 0.0537109375
0 0.69140625 0.0791015625 0.05078125 0.083984375
0 0.60693359375 0.548828125 0.0517578125 0.03515625
0 0.64697265625 0.49951171875 0.0693359375 0.0576171875
0 0.21533203125 0.583984375 0.0361328125 0.033203125
0 0.36376953125 0.87646484375 0.0791015625 0.0576171875
0 0.04931640625 0.39013671875 0.0986328125 0.0478515625
0 0.455078125 0.23681640625 0.06640625 0.0400390625
0 0.25830078125 0.2109375 0.1005859375 0.048828125
0 0.9638671875 0.912109375 0.0546875 0.087890625
0 0.32568359375 0.53173828125 0.0771484375 0.1650390625
0 0.220703125 0.6953125 0.052734375 0.03125
0 0.01416015625 0.25244140625 0.0283203125 0.0205078125
0 0.27978515625 0.72998046875 0.0849609375 0.0380859375
0 0.615234375 0.77880859375 0.076171875 0.0888671875
0 0.26025390625 0.63232421875 0.0478515625 0.0302734375
0 0.03955078125 0.72998046875 0.0791015625 0.0439453125
0 0.5849609375 0.3388671875 0.04296875 0.05078125
0 0.21142578125 0.32177734375 0.0712890625 0.0341796875
0 0.3173828125 0.35205078125 0.05078125 0.0341796875
0 0.48095703125 0.09521484375 0.0654296875 0.0947265625
0 0.27880859375 0.80859375 0.0927734375 0.06640625
0 0.732421875 0.57470703125 0.048828125 0.0439453125
0 0.55615234375 0.89208984375 0.0830078125 0.1201171875
0 0.5087890625 0.69580078125 0.078125 0.0458984375
0 0.92431640625 0.03076171875 0.0439453125 0.0615234375
0 0.3359375 0.2373046875 0.052734375 0.037109375
0 0.86962890625 0.02392578125 0.0478515625 0.0478515625
0 0.97998046875 0.4111328125 0.0322265625 0.044921875
0 0.94091796875 0.85205078125 0.0322265625 0.0302734375
0 0.16796875 0.66455078125 0.0703125 0.0302734375
0 0.07763671875 0.7890625 0.0634765625 0.0546875
0 0.73046875 0.89208984375 0.0546875 0.0478515625
0 0.59033203125 0.20458984375 0.0751953125 0.1083984375
0 0.53662109375 0.77392578125 0.0634765625 0.0361328125
0 0.7578125 0.66552734375 0.072265625 0.0615234375
0 0.71337890625 0.72900390625 0.0810546875 0.0595703125