0 0.25048828125 0.42724609375 0.0751953125 0.0771484375
0 0.24365234375 0.70458984375 0.0966796875 0.0673828125
0 0.88916015625 0.4248046875 0.0458984375 0.095703125
0 0.07373046875 0.4345703125 0.0634765625 0.08984375
0 0.71826171875 0.47998046875 0.0791015625 0.0693359375
0 0.66796875 0.921875 0.0546875 0.068359375
0 0.7578125 0.474609375 0.037109375 0.044921875
0 0.2890625 0.26513671875 0.041015625 0.0458984375
0 0.544921875 0.1826171875 0.0625 0.10546875
0 0.4052734375 0.48291015625 0.03515625 0.0615234375
0 0.9482421875 0.2890625 0.09375 0.064453125
0 0.73486328125 0.37890625 0.0517578125 0.041015625
0 0.314453125 0.1611328125 0.056640625 0.126953125
0 0.4228515625 0.1142578125 0.046875 0.109375
0 0.10009765625 0.67626953125 0.0615234375 0.0458984375
0 0.50244140625 0.384765625 0.0576171875 0.029296875
0 0.455078125 0.53125 0.048828125 0.10546875
0 0.20654296875 0.220703125 0.1005859375 0.115234375
0 0.65380859375 0.03857421875 0.0849609375 0.0771484375
0 0.33837890625 0.56396484375 0.0654296875 0.1201171875
0 0.6123046875 0.83154296875 0.064453125 0.0654296875
0 0.05859375 0.23291015625 0.052734375 0.0849609375
0 0.6240234375 0.77099609375 0.05078125 0.0654296875
0 0.078125 0.74462890625 0.048828125 0.0517578125
0 0.42724609375 0.7177734375 0.0810546875 0.07421875
0 0.69140625 0.35400390625 0.091796875 0.0498046875
0 0.23486328125 0.30126953125 0.0400390625 0.0595703125
0 0.513671875 0.55615234375 0.060546875 0.0419921875
0 0.546875 0.6279296875 0.087890625 0.1015625
0 0.41357421875 0.3505859375 0.0419921875 0.05859375
0 0.771484375 0.1640625 0.08203125 0.09765625
0 0.13818359375 0.66064453125 0.0556640625 0.0380859375
0 0.146484375 0.0908203125 0.0859375 0.103515625
0 0.48291015625 0.33935546875 0.0537109375 0.0556640625
0 0.904296875 0.2333984375 0.09765625 0.0625
0 0.49755859375 0.18017578125 0.0302734375 0.1044921875
0 0.08154296875 0.83544921875 0.0595703125 0.1083984375
0 0.97607421875 0.7998046875 0.0478515625 0.0703125
0 0.12158203125 0.63427734375 0.0576171875 0.0341796875
0 0.60400390625 0.408203125 0.0693359375 0.052734375
0 0.40185546875 0.6064453125 0.0400390625 0.09375
0 0.947265625 0.59814453125 0.05078125 0.0615234375
0 0.02685546875 0.7841796875 0.0380859375 0.04296875
0 0.23095703125 0.20556640625 0.0634765625 0.0517578125
0 0.56787109375 0.66357421875 0.0634765625 0.0361328125
0 0.0224609375 0.6611328125 0.044921875 0.044921875
0 0.8134765625 0.30419921875 0.046875 0.0419921875
0 0.8291015625 0.4228515625 0.099609375 0.072265625
0 0.44775390625 0.7626953125 0.0654296875 0.037109375
0 0.5986328125 0.1689453125 0.046875 0.091796875