0 0.3740234375 0.10498046875 0.080078125 0.0595703125
0 0.67138671875 0.0224609375 0.0869140625 0.044921875
0 0.86572265625 0.84423828125 0.0517578125 0.0673828125
0 0.4296875 0.794921875 0.09765625 0.0546875
0 0.1201171875 0.38525390625 0.10546875 0.2216796875
0 0.2099609375 0.0546875 0.052734375 0.05078125
0 0.0439453125 0.41748046875 0.087890625 0.1572265625
0 0.16650390625 0.162109375 0.0654296875 0.06640625
0 0.7470703125 0.21337890625 0.10546875 0.0400390625
0 0.85400390625 0.3359375 0.1181640625 0.0625
0 0.1943359375 0.86376953125 0.087890625 0.0869140625
0 0.27099609375 0.34521484375 0.0517578125 0.0498046875
0 0.82568359375 0.73291015625 0.1123046875 0.0439453125
0 0.9619140625 0.02099609375 0.076171875 0.0419921875
0 0.11083984375 0.83837890625 0.0693359375 0.0439453125
0 0.82958984375 0.068359375 0.0595703125 0.060546875
0 0.09423828125 0.71142578125 0.1533203125 0.1845703125
0 0.53564453125 0.59423828125 0.1142578125 0.0791015625
0 0.79638671875 0.66064453125 0.0888671875 0.0615234375
0 0.63427734375 0.62109375 0.1318359375 0.173828125
0 0.10009765625 0.091796875 0.0517578125 0.048828125
0 0.65625 0.07470703125 0.07421875 0.0869140625
0 0.43994140625 0.904296875 0.0771484375 0.06640625
0 0.4443359375 0.2392578125 0.130859375 0.056640625
0 0.18798828125 0.955078125 0.0615234375 0.0859375
0 0.1552734375 0.4873046875 0.029296875 0.095703125
0 0.462890625 0.63134765625 0.06640625 0.0908203125
0 0.44384765625 0.55029296875 0.0830078125 0.1142578125
0 0.03125 0.2060546875 0.05859375 0.060546875
0 0.5947265625 0.9140625 0.12890625 0.078125
0 0.2080078125 0.0205078125 0.072265625 0.041015625
0 0.16796875 0.40625 0.03515625 0.072265625
0 0.765625 0.4453125 0.166015625 0.046875
0 0.91845703125 0.68310546875 0.0927734375 0.0673828125
0 0.97705078125 0.59912109375 0.0458984375 0.0849609375
0 0.88525390625 0.20947265625 0.0927734375 0.0537109375
0 0.4580078125 0.16015625 0.0859375 0.048828125