0 0.62744140625 0.654296875 0.0810546875 0.07421875
0 0.30224609375 0.9599609375 0.1083984375 0.064453125
0 0.3349609375 0.30029296875 0.05078125 0.0556640625
0 0.87841796875 0.13720703125 0.0830078125 0.0810546875
0 0.3837890625 0.5703125 0.056640625 0.05078125
0 0.80078125 0.9345703125 0.083984375 0.0703125
0 0.08544921875 0.86865234375 0.1044921875 0.0908203125
0 0.6005859375 0.82861328125 0.083984375 0.0615234375
0 0.560546875 0.5419921875 0.095703125 0.06640625
0 0.97998046875 0.78466796875 0.0341796875 0.0810546875
0 0.390625 0.62841796875 0.138671875 0.0634765625
0 0.44970703125 0.83740234375 0.0654296875 0.0458984375
0 0.6572265625 0.01806640625 0.16796875 0.0361328125
0 0.361328125 0.91943359375 0.1171875 0.0673828125
0 0.681640625 0.62255859375 0.125 0.0654296875
0 0.25439453125 0.75341796875 0.0634765625 0.0634765625