0 0.43896484375 0.6767578125 0.1357421875 0.05078125
0 0.0419921875 0.7099609375 0.08203125 0.083984375
0 0.74755859375 0.27978515625 0.0615234375 0.0498046875
0 0.15380859375 0.66162109375 0.1181640625 0.0634765625
0 0.93505859375 0.08349609375 0.0673828125 0.0751953125
0 0.03662109375 0.05615234375 0.0712890625 0.1025390625
0 0.388671875 0.09716796875 0.0859375 0.0634765625
0 0.0673828125 0.40234375 0.12890625 0.091796875
0 0.7109375 0.10107421875 0.115234375 0.0634765625
0 0.265625 0.05712890625 0.125 0.0654296875
0 0.8701171875 0.55712890625 0.056640625 0.0751953125
0 0.61572265625 0.599609375 0.1044921875 0.103515625
0 0.30712890625 0.17138671875 0.0888671875 0.0751953125
0 0.89892578125 0.67578125 0.0576171875 0.0859375
0 0.23876953125 0.556640625 0.0751953125 0.06640625
0 0.69580078125 0.77978515625 0.1044921875 0.0498046875
0 0.4697265625 0.15869140625 0.08984375 0.0498046875
0 0.48486328125 0.04052734375 0.0751953125 0.0634765625
0 0.26220703125 0.70361328125 0.1416015625 0.0810546875
0 0.986328125 0.73291015625 0.02734375 0.0615234375
0 0.8798828125 0.27490234375 0.078125 0.0673828125
0 0.3291015625 0.02490234375 0.08203125 0.0498046875
0 0.892578125 0.74658203125 0.099609375 0.0595703125
0 0.505859375 0.5390625 0.1171875 0.060546875
0 0.79736328125 0.18603515625 0.0830078125 0.0517578125
0 0.05322265625 0.18408203125 0.0986328125 0.0595703125
0 0.740234375 0.15576171875 0.048828125 0.0439453125
0 0.78173828125 0.927734375 0.1103515625 0.09375
0 0.43310546875 0.21337890625 0.0634765625 0.0498046875
0 0.54296875 0.1591796875 0.07421875 0.04296875
0 0.814453125 0.03125 0.076171875 0.0625
0 0.24853515625 0.3291015625 0.0791015625 0.0625
0 0.4482421875 0.67822265625 0.072265625 0.1103515625
0 0.94140625 0.02001953125 0.05859375 0.0400390625
0 0.56787109375 0.22412109375 0.0712890625 0.0771484375
0 0.1640625 0.5361328125 0.060546875 0.0703125
0 0.8583984375 0.6474609375 0.041015625 0.056640625
0 0.0927734375 0.4658203125 0.11328125 0.05859375
0 0.98046875 0.49951171875 0.0390625 0.1669921875
0 0.27099609375 0.42431640625 0.1982421875 0.1611328125
0 0.64599609375 0.54833984375 0.0478515625 0.1162109375
0 0.79833984375 0.25244140625 0.0361328125 0.0771484375
0 0.6015625 0.115234375 0.052734375 0.052734375
0 0.32958984375 0.35400390625 0.0673828125 0.0908203125
0 0.05029296875 0.58154296875 0.0732421875 0.0693359375