0 0.96435546875 0.84814453125 0.0712890625 0.0693359375
0 0.8798828125 0.61279296875 0.064453125 0.0771484375
0 0.29541015625 0.81005859375 0.0966796875 0.1123046875
0 0.64453125 0.47802734375 0.0625 0.0947265625
0 0.740234375 0.4091796875 0.06640625 0.056640625
0 0.4169921875 0.76513671875 0.064453125 0.0322265625
0 0.375 0.52587890625 0.138671875 0.0869140625
0 0.20556640625 0.42236328125 0.0986328125 0.0810546875
0 0.03271484375 0.595703125 0.0654296875 0.111328125
0 0.109375 0.80322265625 0.12109375 0.0947265625
0 0.85498046875 0.2314453125 0.1064453125 0.091796875
0 0.30322265625 0.935546875 0.0458984375 0.046875
0 0.947265625 0.73291015625 0.080078125 0.0947265625
0 0.396484375 0.955078125 0.09765625 0.0859375
0 0.47021484375 0.6005859375 0.0830078125 0.0625
0 0.89404296875 0.46875 0.0771484375 0.080078125
0 0.28515625 0.109375 0.060546875 0.052734375
0 0.54052734375 0.16650390625 0.0830078125 0.0908203125
0 0.74609375 0.64697265625 0.0625 0.0712890625
0 0.74560546875 0.318359375 0.0888671875 0.087890625
0 0.07470703125 0.236328125 0.0966796875 0.0859375
0 0.03076171875 0.0458984375 0.0615234375 0.08984375
0 0.7314453125 0.970703125 0.064453125 0.0546875
0 0.6708984375 0.85986328125 0.12109375 0.1083984375
0 0.080078125 0.41552734375 0.125 0.0888671875
0 0.373046875 0.25390625 0.06640625 0.1171875
0 0.07568359375 0.6953125 0.0751953125 0.056640625
0 0.51708984375 0.0693359375 0.1318359375 0.103515625
0 0.87841796875 0.77001953125 0.0634765625 0.0615234375
0 0.7197265625 0.60107421875 0.06640625 0.0537109375
0 0.1552734375 0.2197265625 0.06640625 0.052734375
0 0.166015625 0.86962890625 0.091796875 0.1123046875
0 0.6767578125 0.7294921875 0.134765625 0.06640625