0 0.5859375 0.345703125 0.083984375 0.05859375
0 0.6826171875 0.6171875 0.05859375 0.05078125
0 0.13671875 0.80078125 0.078125 0.052734375
0 0.77490234375 0.9033203125 0.0478515625 0.0546875
0 0.21484375 0.4306640625 0.08203125 0.064453125
0 0.78955078125 0.58935546875 0.0712890625 0.0576171875
0 0.2890625 0.2060546875 0.060546875 0.078125
0 0.3662109375 0.619140625 0.07421875 0.05078125
0 0.29345703125 0.9755859375 0.0771484375 0.048828125
0 0.86328125 0.59814453125 0.056640625 0.0419921875
0 0.9423828125 0.78759765625 0.08203125 0.0791015625
0 0.29931640625 0.35302734375 0.0732421875 0.0419921875
0 0.50048828125 0.1689453125 0.0341796875 0.041015625
0 0.0478515625 0.79443359375 0.076171875 0.0888671875
0 0.69384765625 0.837890625 0.0634765625 0.044921875
0 0.44482421875 0.7666015625 0.0947265625 0.083984375
0 0.9140625 0.96826171875 0.083984375 0.0634765625
0 0.6318359375 0.65478515625 0.04296875 0.0458984375
0 0.81640625 0.6455078125 0.056640625 0.0390625
0 0.30908203125 0.720703125 0.0439453125 0.0625
0 0.55859375 0.28466796875 0.056640625 0.0576171875
0 0.2236328125 0.5302734375 0.046875 0.04296875
0 0.5283203125 0.14892578125 0.0546875 0.0498046875
0 0.8984375 0.7001953125 0.0625 0.056640625
0 0.78662109375 0.47412109375 0.0830078125 0.0751953125
0 0.6708984375 0.240234375 0.1015625 0.05859375
0 0.01416015625 0.53759765625 0.0283203125 0.0712890625
0 0.40771484375 0.81494140625 0.0712890625 0.0908203125
0 0.92626953125 0.28369140625 0.0537109375 0.0341796875
0 0.3515625 0.4248046875 0.0546875 0.072265625
0 0.8212890625 0.5576171875 0.09375 0.05078125
0 0.87744140625 0.2080078125 0.0654296875 0.078125
0 0.06591796875 0.412109375 0.0810546875 0.060546875
0 0.89453125 0.052734375 0.060546875 0.048828125
0 0.7392578125 0.01708984375 0.11328125 0.0341796875
0 0.9521484375 0.6240234375 0.095703125 0.06640625
0 0.24560546875 0.2666015625 0.0595703125 0.041015625
0 0.6708984375 0.0322265625 0.04296875 0.029296875
0 0.4189453125 0.56103515625 0.076171875 0.0537109375
0 0.84716796875 0.482421875 0.0439453125 0.05859375
0 0.4521484375 0.896484375 0.08203125 0.1015625
0 0.0283203125 0.07861328125 0.056640625 0.0458984375
0 0.42626953125 0.34619140625 0.0556640625 0.0869140625
0 0.7060546875 0.962890625 0.078125 0.07421875
0 0.25634765625 0.6708984375 0.0771484375 0.064453125
0 0.63818359375 0.73974609375 0.0791015625 0.0810546875
0 0.15380859375 0.36669921875 0.1162109375 0.0751953125
0 0.2998046875 0.80078125 0.0546875 0.048828125
0 0.02294921875 0.8837890625 0.0458984375 0.0625
0 0.58935546875 0.4482421875 0.0927734375 0.123046875
0 0.10888671875 0.63330078125 0.0927734375 0.0615234375