0 0.8056640625 0.5 0.056640625 0.080078125
0 0.50830078125 0.333984375 0.0791015625 0.044921875
0 0.07666015625 0.3291015625 0.0595703125 0.09375
0 0.66650390625 0.50634765625 0.0439453125 0.0361328125
0 0.234375 0.12255859375 0.060546875 0.0380859375
0 0.87841796875 0.40673828125 0.0400390625 0.0537109375
0 0.34765625 0.2236328125 0.0859375 0.05078125
0 0.0361328125 0.03515625 0.03515625 0.0625
0 0.60107421875 0.9541015625 0.0693359375 0.05078125
0 0.65283203125 0.69384765625 0.0654296875 0.0751953125
0 0.29736328125 0.26953125 0.0400390625 0.052734375
0 0.95166015625 0.76806640625 0.0576171875 0.0712890625
0 0.08935546875 0.6318359375 0.0517578125 0.05078125
0 0.63720703125 0.896484375 0.0830078125 0.103515625
0 0.5009765625 0.5009765625 0.060546875 0.060546875
0 0.4248046875 0.11474609375 0.0546875 0.0498046875
0 0.779296875 0.81494140625 0.125 0.0732421875
0 0.880859375 0.1923828125 0.07421875 0.0859375
0 0.78759765625 0.97412109375 0.0732421875 0.0458984375
0 0.23681640625 0.4228515625 0.0595703125 0.0625
0 0.0283203125 0.7587890625 0.056640625 0.068359375
0 0.37158203125 0.25244140625 0.0927734375 0.0537109375
0 0.4443359375 0.5 0.052734375 0.052734375
0 0.345703125 0.65185546875 0.078125 0.0693359375
0 0.3740234375 0.92626953125 0.0703125 0.0869140625
0 0.93798828125 0.203125 0.0830078125 0.048828125
0 0.6669921875 0.39404296875 0.037109375 0.0341796875
0 0.0625 0.423828125 0.046875 0.0546875
0 0.38623046875 0.7353515625 0.0712890625 0.044921875
0 0.15869140625 0.52978515625 0.0439453125 0.0419921875
0 0.85302734375 0.48779296875 0.0400390625 0.0791015625
0 0.2255859375 0.603515625 0.08984375 0.056640625
0 0.41357421875 0.32470703125 0.0556640625 0.0400390625
0 0.38037109375 0.38623046875 0.0537109375 0.0263671875
0 0.96240234375 0.33056640625 0.0498046875 0.0439453125
0 0.22119140625 0.83837890625 0.0654296875 0.0576171875
0 0.98193359375 0.39501953125 0.0361328125 0.0537109375
0 0.47900390625 0.435546875 0.0517578125 0.068359375