0 0.9091796875 0.02490234375 0.06640625 0.0498046875
0 0.40625 0.0302734375 0.083984375 0.060546875
0 0.08837890625 0.66650390625 0.0517578125 0.0576171875
0 0.36767578125 0.38232421875 0.0439453125 0.0498046875
0 0.2060546875 0.13427734375 0.046875 0.0458984375
0 0.845703125 0.974609375 0.06640625 0.05078125
0 0.69384765625 0.2216796875 0.0400390625 0.04296875
0 0.46533203125 0.134765625 0.0537109375 0.080078125
0 0.04443359375 0.57080078125 0.0537109375 0.0771484375
0 0.220703125 0.20849609375 0.083984375 0.0693359375
0 0.85498046875 0.2470703125 0.0654296875 0.0546875
0 0.521484375 0.583984375 0.044921875 0.046875
0 0.01708984375 0.76318359375 0.0341796875 0.0478515625
0 0.64453125 0.34814453125 0.083984375 0.0517578125
0 0.748046875 0.71875 0.046875 0.046875
0 0.14208984375 0.5126953125 0.0478515625 0.07421875
0 0.431640625 0.72607421875 0.068359375 0.0712890625
0 0.85400390625 0.71044921875 0.1123046875 0.0439453125
0 0.51416015625 0.93798828125 0.0712890625 0.1103515625
0 0.044921875 0.3388671875 0.060546875 0.08203125
0 0.02685546875 0.1806640625 0.0537109375 0.052734375
0 0.90234375 0.6220703125 0.0625 0.046875
0 0.56884765625 0.0283203125 0.0634765625 0.056640625
0 0.982421875 0.0712890625 0.03515625 0.0625
0 0.7099609375 0.13525390625 0.072265625 0.0576171875
0 0.42626953125 0.81103515625 0.0595703125 0.0615234375
0 0.09765625 0.54638671875 0.056640625 0.0576171875
0 0.1044921875 0.79931640625 0.056640625 0.0341796875
0 0.1328125 0.740234375 0.05859375 0.0390625
0 0.5390625 0.8056640625 0.0625 0.044921875
0 0.806640625 0.0205078125 0.087890625 0.041015625
0 0.349609375 0.64794921875 0.0625 0.0634765625
0 0.82421875 0.15283203125 0.0390625 0.0439453125
0 0.779296875 0.5068359375 0.068359375 0.064453125
0 0.34814453125 0.17236328125 0.0615234375 0.0673828125
0 0.435546875 0.65771484375 0.076171875 0.0634765625
0 0.65625 0.890625 0.056640625 0.091796875
0 0.240234375 0.98046875 0.068359375 0.037109375
0 0.9140625 0.6708984375 0.044921875 0.04296875
0 0.3359375 0.5107421875 0.11328125 0.06640625
0 0.48095703125 0.8076171875 0.0576171875 0.076171875
0 0.46484375 0.24365234375 0.041015625 0.0419921875
0 0.54931640625 0.86474609375 0.0615234375 0.0576171875
0 0.677734375 0.69873046875 0.083984375 0.0615234375
0 0.71533203125 0.58251953125 0.1005859375 0.0654296875
0 0.982421875 0.31689453125 0.033203125 0.0478515625
0 0.3017578125 0.12109375 0.037109375 0.0390625
0 0.59716796875 0.14599609375 0.1025390625 0.0791015625
0 0.83251953125 0.6259765625 0.0908203125 0.076171875
0 0.30615234375 0.41357421875 0.0732421875 0.0537109375
0 0.7509765625 0.96484375 0.072265625 0.046875
0 0.9560546875 0.59130859375 0.025390625 0.0283203125
0 0.1484375 0.2900390625 0.11328125 0.05859375
0 0.8408203125 0.8173828125 0.060546875 0.05859375
0 0.59130859375 0.6884765625 0.0986328125 0.05078125
0 0.0595703125 0.17578125 0.052734375 0.0546875
0 0.53759765625 0.15478515625 0.0576171875 0.1103515625
0 0.39599609375 0.1171875 0.0927734375 0.0625
0 0.06884765625 0.91015625 0.0810546875 0.09765625
0 0.76171875 0.18359375 0.05078125 0.0390625
0 0.37744140625 0.85595703125 0.0849609375 0.1142578125
0 0.16943359375 0.7880859375 0.0634765625 0.04296875
0 0.93798828125 0.83984375 0.0556640625 0.087890625