0 0.6962890625 0.646484375 0.080078125 0.060546875
0 0.33056640625 0.92333984375 0.0732421875 0.0947265625
0 0.5166015625 0.6806640625 0.09375 0.06640625
0 0.06201171875 0.3427734375 0.0517578125 0.087890625
0 0.4375 0.767578125 0.044921875 0.05859375
0 0.267578125 0.96826171875 0.0703125 0.0634765625
0 0.15478515625 0.65771484375 0.0712890625 0.0830078125
0 0.07080078125 0.0322265625 0.0771484375 0.064453125
0 0.79345703125 0.5244140625 0.0595703125 0.072265625
0 0.8251953125 0.64013671875 0.111328125 0.0771484375
0 0.81640625 0.724609375 0.115234375 0.05078125
0 0.958984375 0.322265625 0.08203125 0.09765625
0 0.6982421875 0.01953125 0.056640625 0.0390625
0 0.443359375 0.8994140625 0.072265625 0.064453125
0 0.34619140625 0.14404296875 0.0576171875 0.1298828125
0 0.14453125 0.24267578125 0.0625 0.1123046875
0 0.12451171875 0.02294921875 0.0458984375 0.0439453125
0 0.89892578125 0.07568359375 0.0654296875 0.0927734375
0 0.0283203125 0.958984375 0.056640625 0.08203125
0 0.6767578125 0.41064453125 0.048828125 0.0400390625
0 0.90576171875 0.810546875 0.0908203125 0.087890625
0 0.421875 0.822265625 0.0625 0.068359375
0 0.5205078125 0.54541015625 0.109375 0.0615234375
0 0.72412109375 0.4619140625 0.0830078125 0.068359375
0 0.49169921875 0.02685546875 0.0654296875 0.0537109375
0 0.97412109375 0.177734375 0.0517578125 0.048828125
0 0.7861328125 0.15185546875 0.1171875 0.1181640625
0 0.2431640625 0.64892578125 0.083984375 0.1416015625
0 0.1328125 0.89990234375 0.107421875 0.0693359375
0 0.0166015625 0.32666015625 0.033203125 0.0810546875
0 0.97314453125 0.5009765625 0.0517578125 0.109375
0 0.26953125 0.16015625 0.05859375 0.111328125
0 0.962890625 0.96044921875 0.07421875 0.0673828125
0 0.89794921875 0.14013671875 0.0732421875 0.1572265625
0 0.421875 0.54248046875 0.1328125 0.0849609375
0 0.23681640625 0.29296875 0.0341796875 0.072265625
0 0.712890625 0.5068359375 0.05078125 0.044921875
0 0.55224609375 0.244140625 0.0693359375 0.10546875
0 0.310546875 0.86962890625 0.0703125 0.0732421875
0 0.537109375 0.3935546875 0.1015625 0.068359375
0 0.53466796875 0.6103515625 0.0380859375 0.021484375
0 0.2265625 0.421875 0.08984375 0.138671875
0 0.51904296875 0.8359375 0.0927734375 0.056640625