0 0.7998046875 0.40966796875 0.107421875 0.0517578125
0 0.5634765625 0.1611328125 0.083984375 0.087890625
0 0.818359375 0.02685546875 0.1015625 0.0537109375
0 0.6435546875 0.80712890625 0.21875 0.0869140625
0 0.7138671875 0.17236328125 0.068359375 0.0576171875
0 0.076171875 0.345703125 0.041015625 0.04296875
0 0.29833984375 0.58251953125 0.0673828125 0.1513671875
0 0.7841796875 0.060546875 0.224609375 0.12109375
0 0.7109375 0.2578125 0.046875 0.04296875
0 0.94873046875 0.92578125 0.1025390625 0.0546875
0 0.81689453125 0.5302734375 0.0771484375 0.0546875
0 0.3271484375 0.74462890625 0.26171875 0.1513671875
0 0.13671875 0.66748046875 0.0859375 0.2587890625
0 0.5673828125 0.5361328125 0.068359375 0.1015625
0 0.224609375 0.19384765625 0.056640625 0.0732421875
0 0.666015625 0.08251953125 0.19140625 0.1025390625
0 0.51318359375 0.4619140625 0.0849609375 0.05078125
0 0.8779296875 0.47021484375 0.244140625 0.1279296875
0 0.5078125 0.14599609375 0.083984375 0.2294921875
0 0.39404296875 0.26513671875 0.0810546875 0.2568359375
0 0.43798828125 0.73779296875 0.0498046875 0.0498046875
0 0.3369140625 0.29248046875 0.041015625 0.0576171875
0 0.88916015625 0.97412109375 0.0791015625 0.0498046875
0 0.02294921875 0.19482421875 0.0458984375 0.0849609375
0 0.06005859375 0.11962890625 0.1201171875 0.1845703125
0 0.15771484375 0.41357421875 0.0830078125 0.1162109375
0 0.365234375 0.943359375 0.052734375 0.109375
0 0.57958984375 0.97802734375 0.0595703125 0.0439453125
0 0.9609375 0.47314453125 0.078125 0.0517578125
0 0.37744140625 0.59765625 0.0693359375 0.05078125
0 0.9111328125 0.25439453125 0.169921875 0.1572265625
0 0.326171875 0.158203125 0.041015625 0.09375
0 0.0986328125 0.482421875 0.056640625 0.0703125
0 0.3193359375 0.095703125 0.076171875 0.158203125
0 0.96533203125 0.7041015625 0.0693359375 0.150390625
0 0.77783203125 0.79150390625 0.1123046875 0.0673828125
0 0.90625 0.3359375 0.1875 0.126953125
0 0.22607421875 0.328125 0.0908203125 0.15625
0 0.3798828125 0.45166015625 0.052734375 0.1357421875