0 0.65185546875 0.107421875 0.0908203125 0.10546875
0 0.8642578125 0.01953125 0.06640625 0.0390625
0 0.35205078125 0.27685546875 0.0634765625 0.0498046875
0 0.7890625 0.365234375 0.060546875 0.052734375
0 0.31689453125 0.32568359375 0.0908203125 0.1865234375
0 0.07861328125 0.8466796875 0.0830078125 0.109375
0 0.857421875 0.30517578125 0.1015625 0.1279296875
0 0.74267578125 0.5595703125 0.0908203125 0.15625
0 0.08447265625 0.71240234375 0.0986328125 0.0673828125
0 0.12841796875 0.89306640625 0.0966796875 0.0478515625
0 0.03369140625 0.47900390625 0.0498046875 0.0712890625
0 0.03955078125 0.5908203125 0.0634765625 0.146484375
0 0.06005859375 0.22412109375 0.0615234375 0.0458984375
0 0.24072265625 0.84033203125 0.0947265625 0.0634765625
0 0.89453125 0.59130859375 0.099609375 0.1376953125
0 0.79541015625 0.849609375 0.0458984375 0.046875
0 0.92822265625 0.02197265625 0.1279296875 0.0439453125
0 0.97998046875 0.78271484375 0.0400390625 0.0439453125
0 0.03125 0.93310546875 0.0625 0.0654296875
0 0.5888671875 0.1572265625 0.0703125 0.087890625
0 0.21728515625 0.666015625 0.0615234375 0.076171875
0 0.2236328125 0.30224609375 0.056640625 0.0439453125
0 0.78515625 0.810546875 0.08984375 0.05859375
0 0.10009765625 0.109375 0.0634765625 0.080078125
0 0.79052734375 0.22998046875 0.0771484375 0.1318359375
0 0.015625 0.39306640625 0.03125 0.1396484375
0 0.61865234375 0.94287109375 0.1357421875 0.1142578125
0 0.44970703125 0.5068359375 0.0693359375 0.09375
0 0.79248046875 0.64501953125 0.1123046875 0.0595703125
0 0.7919921875 0.90625 0.1328125 0.162109375
0 0.02490234375 0.34521484375 0.0498046875 0.0712890625
0 0.34375 0.58251953125 0.0703125 0.0908203125
0 0.05908203125 0.06494140625 0.0654296875 0.1298828125
0 0.04736328125 0.986328125 0.0927734375 0.02734375
0 0.93310546875 0.654296875 0.0693359375 0.0703125
0 0.02734375 0.10986328125 0.052734375 0.1005859375
0 0.53662109375 0.60009765625 0.1279296875 0.0849609375
0 0.8056640625 0.7001953125 0.05859375 0.0703125
0 0.0126953125 0.888671875 0.025390625 0.060546875
0 0.4775390625 0.09228515625 0.109375 0.1279296875
0 0.11572265625 0.56982421875 0.1083984375 0.0654296875
0 0.41748046875 0.9541015625 0.0849609375 0.091796875
0 0.6669921875 0.962890625 0.072265625 0.07421875
0 0.14794921875 0.2548828125 0.0986328125 0.1171875
0 0.8681640625 0.87744140625 0.07421875 0.0615234375
0 0.49365234375 0.97607421875 0.0576171875 0.0458984375
0 0.419921875 0.34521484375 0.123046875 0.0615234375
0 0.32763671875 0.73828125 0.0498046875 0.048828125
0 0.16845703125 0.20849609375 0.0849609375 0.0771484375
0 0.3125 0.8212890625 0.138671875 0.083984375
0 0.6298828125 0.84765625 0.0625 0.0625
0 0.3916015625 0.826171875 0.078125 0.19140625