0 0.30419921875 0.85888671875 0.0478515625 0.0478515625
0 0.02197265625 0.6865234375 0.0439453125 0.0703125
0 0.02392578125 0.365234375 0.0478515625 0.06640625
0 0.07421875 0.7255859375 0.078125 0.0859375
0 0.66357421875 0.07275390625 0.0517578125 0.0615234375
0 0.578125 0.59423828125 0.099609375 0.0947265625
0 0.60205078125 0.783203125 0.0810546875 0.107421875
0 0.1416015625 0.32373046875 0.064453125 0.1025390625
0 0.9736328125 0.4658203125 0.048828125 0.0390625
0 0.3095703125 0.61572265625 0.076171875 0.0947265625
0 0.65673828125 0.1796875 0.0634765625 0.05859375
0 0.37744140625 0.81005859375 0.0419921875 0.0810546875
0 0.31787109375 0.9306640625 0.0556640625 0.04296875
0 0.8056640625 0.8359375 0.126953125 0.11328125
0 0.50390625 0.1416015625 0.044921875 0.03515625
0 0.9580078125 0.83154296875 0.08203125 0.0712890625
0 0.17041015625 0.76318359375 0.0693359375 0.1064453125
0 0.93017578125 0.55517578125 0.0791015625 0.0908203125
0 0.1064453125 0.43017578125 0.099609375 0.0654296875
0 0.05517578125 0.42529296875 0.0869140625 0.1123046875
0 0.86181640625 0.3046875 0.0634765625 0.041015625
0 0.23681640625 0.67919921875 0.0634765625 0.0595703125
0 0.88623046875 0.59228515625 0.0498046875 0.0810546875
0 0.57763671875 0.2197265625 0.0517578125 0.044921875
0 0.12890625 0.22802734375 0.0703125 0.0693359375
0 0.5341796875 0.4052734375 0.0625 0.080078125
0 0.45751953125 0.5302734375 0.0498046875 0.048828125
0 0.134765625 0.87939453125 0.029296875 0.0478515625
0 0.4873046875 0.86669921875 0.052734375 0.1201171875
0 0.42236328125 0.10009765625 0.0576171875 0.0498046875
0 0.095703125 0.12353515625 0.083984375 0.0654296875
0 0.48974609375 0.23095703125 0.0517578125 0.0576171875
0 0.2861328125 0.03173828125 0.05859375 0.0615234375
0 0.0615234375 0.2177734375 0.123046875 0.109375
0 0.662109375 0.4365234375 0.0625 0.0546875
0 0.03125 0.53955078125 0.041015625 0.0595703125
0 0.43994140625 0.654296875 0.0771484375 0.09765625
0 0.96435546875 0.1591796875 0.0595703125 0.08984375
0 0.3876953125 0.90234375 0.037109375 0.0859375
0 0.8203125 0.16455078125 0.05859375 0.0537109375
0 0.267578125 0.9287109375 0.0703125 0.142578125
0 0.5263671875 0.32763671875 0.091796875 0.0595703125
0 0.72607421875 0.54443359375 0.0595703125 0.0458984375
0 0.25146484375 0.203125 0.0751953125 0.087890625
0 0.84521484375 0.03564453125 0.0908203125 0.0498046875
0 0.41259765625 0.83154296875 0.0576171875 0.1376953125
0 0.8173828125 0.31982421875 0.09375 0.1044921875