0 0.85302734375 0.86376953125 0.1240234375 0.0888671875
0 0.2177734375 0.26904296875 0.052734375 0.0595703125
0 0.19287109375 0.83642578125 0.0791015625 0.0732421875
0 0.85791015625 0.3330078125 0.0576171875 0.060546875
0 0.7919921875 0.2802734375 0.060546875 0.0859375
0 0.59619140625 0.3603515625 0.0634765625 0.072265625
0 0.16552734375 0.20654296875 0.1240234375 0.0966796875
0 0.28125 0.14697265625 0.087890625 0.0712890625
0 0.86181640625 0.2626953125 0.0693359375 0.05859375
0 0.68017578125 0.349609375 0.0888671875 0.06640625
0 0.22705078125 0.78173828125 0.0732421875 0.0654296875
0 0.71875 0.220703125 0.08203125 0.068359375
0 0.125 0.6787109375 0.072265625 0.111328125
0 0.49658203125 0.6279296875 0.0791015625 0.052734375
0 0.89013671875 0.19677734375 0.1064453125 0.0693359375
0 0.58154296875 0.3095703125 0.0771484375 0.060546875
0 0.31103515625 0.71875 0.0654296875 0.068359375
0 0.0244140625 0.1376953125 0.048828125 0.13671875
0 0.97607421875 0.55419921875 0.0458984375 0.1044921875
0 0.4775390625 0.123046875 0.08203125 0.056640625
0 0.46923828125 0.31396484375 0.0908203125 0.0634765625
0 0.73779296875 0.04052734375 0.0615234375 0.0810546875
0 0.30419921875 0.06103515625 0.0771484375 0.1201171875
0 0.8125 0.20458984375 0.0703125 0.0693359375
0 0.490234375 0.8017578125 0.06640625 0.072265625
0 0.06396484375 0.2451171875 0.0830078125 0.052734375
0 0.7421875 0.783203125 0.109375 0.052734375
0 0.576171875 0.79638671875 0.09765625 0.0771484375
0 0.06982421875 0.6796875 0.0615234375 0.078125
0 0.24609375 0.1025390625 0.07421875 0.09765625
0 0.5908203125 0.7275390625 0.150390625 0.076171875
0 0.97021484375 0.7392578125 0.0556640625 0.052734375
0 0.166015625 0.5693359375 0.078125 0.146484375
0 0.7822265625 0.08740234375 0.056640625 0.1044921875
0 0.0712890625 0.3515625 0.1171875 0.064453125
0 0.404296875 0.15771484375 0.09375 0.0810546875
0 0.4072265625 0.84326171875 0.08203125 0.1025390625
0 0.61376953125 0.92529296875 0.0830078125 0.0947265625
0 0.05517578125 0.1845703125 0.0634765625 0.056640625
0 0.90576171875 0.685546875 0.0595703125 0.08203125
0 0.51708984375 0.0263671875 0.0810546875 0.052734375
0 0.99072265625 0.2421875 0.0185546875 0.078125
0 0.21142578125 0.3251953125 0.0576171875 0.0625
0 0.50146484375 0.67724609375 0.1044921875 0.0498046875