0 0.39404296875 0.974609375 0.0810546875 0.04296875
0 0.7216796875 0.4404296875 0.060546875 0.091796875
0 0.0908203125 0.35791015625 0.125 0.1142578125
0 0.96923828125 0.20947265625 0.0537109375 0.0673828125
0 0.97119140625 0.353515625 0.0556640625 0.056640625
0 0.3349609375 0.201171875 0.056640625 0.072265625
0 0.6767578125 0.56787109375 0.056640625 0.0556640625
0 0.76513671875 0.3115234375 0.1162109375 0.056640625
0 0.0380859375 0.29443359375 0.0390625 0.0888671875
0 0.16748046875 0.50244140625 0.0771484375 0.0966796875
0 0.02294921875 0.3876953125 0.0458984375 0.115234375
0 0.3779296875 0.345703125 0.119140625 0.0703125
0 0.876953125 0.9462890625 0.123046875 0.0390625
0 0.1591796875 0.56396484375 0.052734375 0.0693359375
0 0.55615234375 0.12646484375 0.0712890625 0.0849609375
0 0.3740234375 0.1845703125 0.076171875 0.080078125
0 0.6923828125 0.38134765625 0.138671875 0.0712890625
0 0.15478515625 0.86376953125 0.1396484375 0.0869140625
0 0.587890625 0.39892578125 0.068359375 0.0517578125
0 0.5595703125 0.45849609375 0.052734375 0.0361328125
0 0.34716796875 0.904296875 0.1025390625 0.078125
0 0.96826171875 0.25 0.0517578125 0.056640625
0 0.017578125 0.48095703125 0.03515625 0.0869140625
0 0.77490234375 0.45947265625 0.0576171875 0.0693359375
0 0.7919921875 0.28662109375 0.0859375 0.1005859375
0 0.33642578125 0.04443359375 0.1181640625 0.0888671875
0 0.24462890625 0.3671875 0.0751953125 0.056640625
0 0.8115234375 0.97705078125 0.083984375 0.0458984375
0 0.03466796875 0.76708984375 0.0693359375 0.0498046875
0 0.54931640625 0.2236328125 0.0751953125 0.109375
0 0.5751953125 0.279296875 0.080078125 0.091796875
0 0.556640625 0.8125 0.109375 0.07421875
0 0.43603515625 0.34912109375 0.0947265625 0.0576171875
0 0.65087890625 0.939453125 0.0634765625 0.05078125
0 0.9248046875 0.82421875 0.076171875 0.072265625
0 0.44677734375 0.48583984375 0.0751953125 0.1044921875
0 0.89453125 0.37109375 0.0625 0.060546875
0 0.322265625 0.9716796875 0.119140625 0.048828125
0 0.92236328125 0.18701171875 0.0849609375 0.0908203125
0 0.82373046875 0.7802734375 0.0732421875 0.048828125
0 0.224609375 0.72509765625 0.125 0.0498046875
0 0.39404296875 0.50927734375 0.0693359375 0.0576171875
0 0.1884765625 0.45556640625 0.08203125 0.0634765625
0 0.90966796875 0.29541015625 0.0771484375 0.0732421875
0 0.20458984375 0.7451171875 0.0712890625 0.03515625
0 0.96484375 0.49267578125 0.068359375 0.1220703125
0 0.029296875 0.099609375 0.05859375 0.111328125
0 0.50439453125 0.36181640625 0.0634765625 0.0634765625
0 0.8017578125 0.44482421875 0.09765625 0.0849609375
0 0.76513671875 0.87890625 0.0517578125 0.072265625
0 0.9248046875 0.91357421875 0.103515625 0.1044921875
0 0.54833984375 0.41650390625 0.0458984375 0.0458984375
0 0.869140625 0.81201171875 0.083984375 0.0751953125
0 0.56884765625 0.1630859375 0.1142578125 0.0703125
0 0.048828125 0.458984375 0.056640625 0.05859375
0 0.58837890625 0.09716796875 0.0751953125 0.1025390625
0 0.6357421875 0.86572265625 0.048828125 0.0966796875
0 0.7080078125 0.82470703125 0.0625 0.0517578125
0 0.55029296875 0.34912109375 0.0751953125 0.0595703125