0 0.50146484375 0.7900390625 0.0849609375 0.169921875
0 0.10693359375 0.54150390625 0.1064453125 0.0576171875
0 0.2451171875 0.64453125 0.10546875 0.16015625
0 0.0712890625 0.96728515625 0.076171875 0.0654296875
0 0.052734375 0.47900390625 0.0703125 0.0458984375
0 0.6025390625 0.87548828125 0.052734375 0.0732421875
0 0.6533203125 0.2421875 0.060546875 0.083984375
0 0.4814453125 0.44384765625 0.087890625 0.1494140625
0 0.587890625 0.58740234375 0.05859375 0.0849609375
0 0.8916015625 0.89013671875 0.064453125 0.0439453125
0 0.22900390625 0.20166015625 0.0966796875 0.0673828125
0 0.57958984375 0.1806640625 0.0634765625 0.056640625
0 0.6044921875 0.50537109375 0.056640625 0.0615234375
0 0.07421875 0.0341796875 0.111328125 0.052734375
0 0.9521484375 0.28515625 0.05078125 0.05078125
0 0.5751953125 0.67578125 0.060546875 0.072265625
0 0.74365234375 0.716796875 0.0634765625 0.154296875
0 0.76220703125 0.0556640625 0.0732421875 0.080078125
0 0.271484375 0.45263671875 0.12890625 0.1689453125
0 0.7119140625 0.6611328125 0.03515625 0.0390625
0 0.384765625 0.13623046875 0.052734375 0.0615234375
0 0.55517578125 0.9482421875 0.0458984375 0.07421875
0 0.18408203125 0.931640625 0.1650390625 0.076171875
0 0.66162109375 0.07373046875 0.0830078125 0.0419921875
0 0.9736328125 0.54931640625 0.05078125 0.0498046875
0 0.6875 0.11767578125 0.0546875 0.0537109375
0 0.90673828125 0.5390625 0.0458984375 0.0703125
0 0.3271484375 0.16259765625 0.048828125 0.0517578125
0 0.40087890625 0.05419921875 0.0458984375 0.0419921875
0 0.7587890625 0.17724609375 0.087890625 0.0615234375
0 0.74169921875 0.46630859375 0.0751953125 0.0693359375
0 0.21435546875 0.41552734375 0.0478515625 0.0732421875
0 0.03466796875 0.166015625 0.0693359375 0.0546875
0 0.02783203125 0.771484375 0.0556640625 0.06640625
0 0.57666015625 0.0703125 0.0732421875 0.052734375
0 0.353515625 0.82421875 0.072265625 0.03125
0 0.814453125 0.2802734375 0.08984375 0.11328125
0 0.75341796875 0.85888671875 0.0458984375 0.1455078125
0 0.42333984375 0.77392578125 0.0634765625 0.0791015625
0 0.1220703125 0.5947265625 0.03515625 0.0234375
0 0.5654296875 0.3056640625 0.130859375 0.087890625
0 0.1259765625 0.51708984375 0.06640625 0.0419921875
0 0.62939453125 0.365234375 0.1318359375 0.09765625
0 0.9423828125 0.82958984375 0.05859375 0.1904296875
0 0.44970703125 0.21337890625 0.0537109375 0.0478515625
0 0.45458984375 0.583984375 0.0478515625 0.05078125
0 0.119140625 0.1181640625 0.080078125 0.060546875
0 0.931640625 0.16162109375 0.0546875 0.0830078125